"Status Code/Type"	"Row Name"	"Run #"	A	B	C	D	Diameter	E	F	G	H	Hole_Elem_Num	postFailTSAIW_CF	"Design Feasibility"	"Objective and Penalty"	"Objective Function"	"Penalty Function"
OK	Optimization[1]/Subflow[1]	1	60.2956957117716	-56.62360916718152	76.17208036106308	-50.52116603752924	6	-43.92417484514213	-13.067445506264548	-31.25238789500026	-67.97060351213378	30	6.69604730606	9	6.69604730606	6.69604730606	0
OK	Optimization[1]/Subflow[2]	2	24.30872338128843	-18.230709020170366	38.59858660612477	59.765369868040125	6	-33.15061103606171	-5.824348668771762	24.093438747093785	65.10588309614192	30	5.75333690643	9	5.75333690643	5.75333690643	0
OK	Optimization[1]/Subflow[3]	3	58.07777849486564	-63.630758449587304	-28.03546828385918	37.05527111265215	6	68.72426809026484	-77.9482588407781	26.883745260575466	-82.52060318671019	30	4.18096637726	9	4.18096637726	4.18096637726	0
OK	Optimization[1]/Subflow[4]	4	78.16803954395988	86.94124176054086	21.581305494558123	-42.445874526136535	6	-44.401028535628534	40.92199013056015	80.39840474485493	73.52651231334735	30	2.95437097549	9	2.95437097549	2.95437097549	0
OK	Optimization[1]/Subflow[5]	5	-84.56631386212179	-36.54781995335849	74.16432688578485	45.929398697464336	6	-82.62360451458291	-1.1295193582781025	-50.71134518974473	31.389954905280135	30	5.165995121	7	5.165995121	5.165995121	0
OK	Optimization[1]/Subflow[6]	6	46.515096272405145	53.24180467431833	-61.040849234620936	1.1728904420766781	6	-86.15615488937918	-20.61694587406751	69.33602433333391	5.598865797695282	30	5.0838508606	7	5.0838508606	5.0838508606	0
OK	Optimization[1]/Subflow[7]	7	22.6016486599776	1.7093988179929767	38.63315062276229	-31.52120957620408	6	-9.181347369830036	17.54174901717755	51.97685018632575	-79.29536395235692	30	9.17604923248	7	9.17604923248	9.17604923248	0
OK	Optimization[1]/Subflow[8]	8	85.46019315331958	56.51603538874704	-0.0670820475689595	7.137328055354573	6	-31.44056698036799	84.73490496365733	-6.407547662961264	5.932412458553557	30	5.58373069763	7	5.58373069763	5.58373069763	0
Failed	Optimization[1]/Subflow[9]	9	-59.27090863809259	85.30248805332099	-85.89280537765102	-55.55591065944513	6	-67.55702547123424	-48.117151198901695	-0.435087666083831	20.84821775981453	30					
OK	Optimization[1]/Subflow[10]	10	-1.5220826847321973	36.922730047940675	37.095505857583134	65.62495676752218	6	-4.093274385299011	1.1792414110877445	-6.901519342747633	82.04166763363222	30	6.73653888702	7	6.73653888702	6.73653888702	0
Failed	Optimization[1]/Subflow[11]	11	68.10638526744899	-50.5560874076396	71.00119580196267	-45.52807581845453	6	-45.31113274429085	11.850351048578219	16.585471230786325	40.97985740553946	30					
OK	Optimization[1]/Subflow[12]	12	67.86305919129398	-9.664239343803743	32.479321562333965	5.4107593311244955	6	-37.122293619582315	24.137067772894753	56.14080996205604	68.08494660751461	30	2.25126266479	9	2.25126266479	2.25126266479	0
OK	Optimization[1]/Subflow[13]	13	61.69949148097447	-49.72630918484236	-24.548548226671087	19.885393534118904	6	-9.429305496663716	-19.889481304308404	38.62720750863579	-23.26387903023972	30	7.15139389038	7	7.15139389038	7.15139389038	0
OK	Optimization[1]/Subflow[14]	14	80.20534769780696	89.59639397140509	25.121776016126603	-41.841880557758266	6	-43.16270232368976	40.5543296433988	78.7857297646739	73.37466656965603	30	2.8658144474	7	2.8658144474	2.8658144474	0
OK	Optimization[1]/Subflow[15]	15	35.64622717071805	58.98420739750776	33.51880486574257	-15.631374147764689	6	-74.68635329359869	9.455829547842669	-33.418017468031124	44.03278686677612	30	3.94451904297	7	3.94451904297	3.94451904297	0
OK	Optimization[1]/Subflow[16]	16	49.85730529803902	58.79917271843394	-54.38558295943379	-12.547384469355222	6	-78.74501625929864	-12.043696701916645	76.97991072076499	60.05853613596133	30	3.17290997505	7	3.17290997505	3.17290997505	0
OK	Optimization[1]/Subflow[17]	17	52.23372048752745	47.06472822128805	34.65857838906224	-35.70867128314673	6	-18.217461130506493	35.29466769187242	67.69319016244211	-62.26004224340004	30	3.03668832779	7	3.03668832779	3.03668832779	0
OK	Optimization[1]/Subflow[18]	18	77.95350157815699	75.09771308002053	15.95220220824983	-27.24653905605507	6	-37.420243747825786	61.57167384939572	4.973071470493409	56.75902159685677	30	2.30618619919	7	2.30618619919	2.30618619919	0
OK	Optimization[1]/Subflow[19]	19	-1.1448514025985475	88.03488502575524	-46.883229850324376	-50.85512667618022	6	-61.61634226281684	14.958004804932685	13.24985514825336	47.97169377124462	30	4.55399179459	7	4.55399179459	4.55399179459	0
OK	Optimization[1]/Subflow[20]	20	70.80566375275419	62.37121441862092	20.121873952749965	29.973840523921027	6	-9.705958336523025	12.16508629343842	51.659857468576405	76.96510774552397	30	3.57152533531	7	3.57152533531	3.57152533531	0
OK	Optimization[1]/Subflow[21]	21	67.91854031156026	-29.869072856447346	59.391046212533524	-15.884150912367147	6	-37.964617653034814	11.10058969259751	15.753501109627734	50.26581451847443	30	3.59612202644	7	3.59612202644	3.59612202644	0
OK	Optimization[1]/Subflow[22]	22	76.5739263532951	-7.950945408530416	31.255468553575795	-5.460162776258642	6	-37.916630136286436	30.12935106122805	70.95559455595529	68.68075930978915	30	2.29656934738	7	2.29656934738	2.29656934738	0
OK	Optimization[1]/Subflow[23]	23	67.56681896413977	-29.378361132383013	2.5626109783512163	15.232062767793693	6	-42.268868634173096	-17.770538959381156	46.47829121607444	4.427701959820382	30	7.74647283554	7	7.74647283554	7.74647283554	0
OK	Optimization[1]/Subflow[24]	24	70.67078175163863	75.75214025569485	27.366980688888717	-18.84337556221402	6	-39.43127259986511	38.65774207296292	75.04753537252927	73.30244613976595	30	3.31290054321	7	3.31290054321	3.31290054321	0
OK	Optimization[1]/Subflow[25]	25	81.8479813339097	53.63916341115217	24.72240719744579	-21.428764717214435	6	-58.51929453856939	11.82054913591982	16.494548201987186	64.84883314075387	30	2.53413462639	7	2.53413462639	2.53413462639	0
OK	Optimization[1]/Subflow[26]	26	63.318009963428295	43.94923869600393	-30.70851610162417	-8.938940597991206	6	-43.240298649318255	20.750319641278935	75.631108416827	73.46068925198324	30	2.199198246	9	2.199198246	2.199198246	0
OK	Optimization[1]/Subflow[27]	27	62.9487890961266	46.51938749397419	33.44972936876441	-0.1545536109860279	6	-25.342752878282866	34.64580573857293	61.04423154444984	13.014008957395731	30	3.01990818977	7	3.01990818977	3.01990818977	0
OK	Optimization[1]/Subflow[28]	28	68.18053640847296	26.388473720462642	20.43687083553587	-25.581214540258117	6	-38.49480145180753	30.91173520128983	18.26578134484717	68.61106769789012	30	1.41164875031	9	1.41164875031	1.41164875031	0
OK	Optimization[1]/Subflow[29]	29	43.29871795965266	82.89025045443978	-13.322503640301562	-4.386954666576543	6	-39.24246700915454	32.826212260607434	42.48999407343288	61.33624502622661	30	2.14368772507	7	2.14368772507	2.14368772507	0
OK	Optimization[1]/Subflow[30]	30	84.84328256055929	45.936515586532295	26.50144397608898	16.705702756637095	6	-12.316922868524742	23.251898000787648	65.59839088408424	72.7699736814362	30	4.48614597321	7	4.48614597321	4.48614597321	0
OK	Optimization[1]/Subflow[31]	31	68.10752908521431	-6.64006564286818	36.04116501551903	-11.13480975069703	6	-36.63976813332048	21.735914913358314	17.82093613596156	60.099522271234946	30	1.66051840782	7	1.66051840782	1.66051840782	0
OK	Optimization[1]/Subflow[32]	32	72.88040920528454	15.311783903439945	22.275009527359686	-21.945746369921295	6	-37.92365611260141	30.49495390654542	58.59398683889805	68.45799171341844	30	2.58681082726	7	2.58681082726	2.58681082726	0
OK	Optimization[1]/Subflow[33]	33	67.67430617654725	2.1428867172744077	-15.441927948013387	11.082835545532205	6	-36.43170831598556	-24.164535668114908	27.47087469561768	-24.291522096418944	30	10.7559642792	7	10.7559642792	10.7559642792	0
OK	Optimization[1]/Subflow[34]	34	75.55154183397289	62.109600038798874	25.666164708476202	-18.5311876829886	6	-39.10918292876656	33.37561501492169	56.58724063171417	71.08517514616253	30	3.53311634064	7	3.53311634064	3.53311634064	0
OK	Optimization[1]/Subflow[35]	35	79.79124286076319	35.0421620236026	20.923959148731143	-25.932238190558465	6	-45.331339730236536	15.926579130985559	26.609178879822437	69.41379424825476	30	1.82884764671	7	1.82884764671	1.82884764671	0
OK	Optimization[1]/Subflow[36]	36	66.85772305967268	27.31372895973685	-25.625359095816236	-12.60896799990833	6	-30.05670126858979	27.38966800187555	27.403903040480742	73.3790876307132	30	1.89054656029	7	1.89054656029	1.89054656029	0
OK	Optimization[1]/Subflow[37]	37	66.36172556522868	39.52191915131377	27.23389296715939	-11.862755416969108	6	-32.65634308991223	32.362591127138785	51.888661203216714	62.879802951862416	30	3.12099790573	7	3.12099790573	3.12099790573	0
OK	Optimization[1]/Subflow[38]	38	66.22594337453614	18.184480431040527	21.333804560993073	-25.248149637098734	6	-38.70971299260388	24.779747471668657	20.924323319717928	70.98147691809677	30	1.45985686779	7	1.45985686779	1.45985686779	0
OK	Optimization[1]/Subflow[39]	39	55.66441384097678	47.60012187111633	-1.7959969222577996	-0.7165264304515659	6	-34.31677877161636	35.4337614633658	30.4808665329724	69.52581979812345	30	1.90132689476	7	1.90132689476	1.90132689476	0
OK	Optimization[1]/Subflow[40]	40	73.77667298410796	48.892369631187734	21.488214542179804	-16.646466987100723	6	-28.477838088490245	22.234872251341784	33.72487553311318	70.46256404329097	30	2.69528269768	7	2.69528269768	2.69528269768	0
OK	Optimization[1]/Subflow[41]	41	68.19010437075963	16.37829119580033	27.019068234469756	-22.164867285091532	6	-37.31153991185103	26.31575588353641	18.60878890172279	63.651983967521716	30	1.2211073637	9	1.2211073637	1.2211073637	0
OK	Optimization[1]/Subflow[42]	42	72.59032484297975	6.7114315828337965	19.437383260569717	-1.3756187033625338	6	-38.09868478193295	34.08297469115554	33.514961733744315	68.36432249028562	30	2.16639113426	7	2.16639113426	2.16639113426	0
OK	Optimization[1]/Subflow[43]	43	64.04449642460708	10.812505400124621	-0.6038889184353877	-0.6223690465991325	6	11.028133578209875	-38.07020702721572	17.666471302990203	-41.58162542244648	30	10.0159759521	7	10.0159759521	10.0159759521	0
OK	Optimization[1]/Subflow[44]	44	77.9147642941725	58.977873539113915	23.18667986271224	-32.16110299740244	6	-41.44778015692604	37.30286465043328	42.207983910964	71.06493736557158	30	4.80995082855	7	4.80995082855	4.80995082855	0
OK	Optimization[1]/Subflow[45]	45	79.3396999762879	30.703987471593564	19.79043437349361	-26.603810821518486	6	-40.060035920914515	18.121703291940108	27.09176421168823	76.12556488210703	30	1.59096229076	7	1.59096229076	1.59096229076	0
OK	Optimization[1]/Subflow[46]	46	68.72464289219036	23.93057633660925	7.247999201980647	-13.465168251033361	6	-27.73405638273053	29.40780675685896	13.05180393712935	69.5161426219305	30	1.6999464035	7	1.6999464035	1.6999464035	0
OK	Optimization[1]/Subflow[47]	47	67.28792331939044	39.603049255738995	27.533730338273514	-16.81373988887404	6	-37.311740654004794	32.26544058382483	49.60487593555075	62.068044950379374	30	3.16082978249	7	3.16082978249	3.16082978249	0
OK	Optimization[1]/Subflow[48]	48	67.20552332473719	31.121335087692202	21.24912755034393	-25.28200796348601	6	-38.491434563915035	31.63510728963331	18.207553150473117	69.36285323898966	30	1.50645768642	7	1.50645768642	1.50645768642	0
OK	Optimization[1]/Subflow[49]	49	61.910864848673214	25.48482292399146	19.01474326428908	-10.50994613045674	6	-34.10111877475866	34.26790725805179	20.224581178966375	70.63824882157633	30	1.33611953259	7	1.33611953259	1.33611953259	0
OK	Optimization[1]/Subflow[50]	50	71.07552447959716	39.486896503728076	20.014887797346134	-30.234398919209752	6	-37.22955117506606	25.51067135512335	22.446739712528313	69.15993818994542	30	1.80499684811	7	1.80499684811	1.80499684811	0
OK	Optimization[1]/Subflow[51]	51	68.20661942786867	20.98196256353404	25.214648878259922	-24.37087879197044	6	-37.44589426755713	27.23172407757204	18.766359454875044	64.36247630677909	30	1.3467066288	7	1.3467066288	1.3467066288	0
OK	Optimization[1]/Subflow[52]	52	71.40639900153451	7.720182332106646	19.858322280553168	-1.3459133611536345	6	-37.136313870644344	34.77499826715466	15.715965238238468	67.23539295448532	30	1.80620884895	7	1.80620884895	1.80620884895	0
OK	Optimization[1]/Subflow[53]	53	61.73141573940097	-19.003780190046356	-2.2536302818734697	17.025147922397196	6	-7.646362584299652	-11.049093540158665	23.590254522453534	27.656417448441104	30	7.37186050415	7	7.37186050415	7.37186050415	0
OK	Optimization[1]/Subflow[54]	54	75.13320971383277	81.57658079592397	24.929156139924515	-33.19950812042601	6	-40.39292025985954	34.59360532934603	46.73259223056874	69.86841594274992	30	3.6507461071	7	3.6507461071	3.6507461071	0
OK	Optimization[1]/Subflow[55]	55	73.43507296917397	19.532827190012142	31.86280981381381	-23.571057983553544	6	-37.64673601701382	24.02448978398644	24.77212201408004	66.72432460772839	30	1.44397079945	7	1.44397079945	1.44397079945	0
OK	Optimization[1]/Subflow[56]	56	68.74737642483097	19.037106557105815	19.385835594802444	-18.533649677407467	6	-33.73749146690586	28.211844788412222	13.992984550351878	67.69088222153482	30	1.28782641888	7	1.28782641888	1.28782641888	0
OK	Optimization[1]/Subflow[57]	57	66.04287231381463	29.72947005999501	29.221810581654424	-11.996724107373495	6	-28.237293169318775	30.635383122416272	51.26343034403942	46.475739859671535	30	2.21700692177	7	2.21700692177	2.21700692177	0
OK	Optimization[1]/Subflow[58]	58	68.16282584758866	21.874466122436658	24.560852530955756	-24.073923270134088	6	-38.10933177243355	30.577177641800887	17.98344503308904	68.00299077940417	30	1.37477254868	7	1.37477254868	1.37477254868	0
OK	Optimization[1]/Subflow[59]	59	63.614445565859626	14.77771901836499	23.623653779276495	-12.567726704919693	6	-36.106529825414846	31.010218058246352	17.740242425240197	66.15066318532959	30	1.27160656452	7	1.27160656452	1.27160656452	0
OK	Optimization[1]/Subflow[60]	60	68.43035667281151	17.401401736536627	24.43757344791601	-27.226772256846168	6	-39.02264562338872	26.783966997191584	17.141025200958538	65.781743516805	30	1.27862000465	7	1.27862000465	1.27862000465	0
OK	Optimization[1]/Subflow[61]	61	68.19577233341107	16.560911622106275	27.817940166392972	-20.972481355234876	6	-37.368501166762734	26.153471802926134	18.70731870818993	64.24360631264565	30	1.22644138336	7	1.22644138336	1.22644138336	0
OK	Optimization[1]/Subflow[62]	62	70.3027346202355	10.246137630164498	20.193003421832728	-8.393952899645527	6	-37.01554280505357	33.56670406367135	14.680091964557064	63.95662633158747	30	1.61536002159	7	1.61536002159	1.61536002159	0
OK	Optimization[1]/Subflow[63]	63	61.99493064901941	-9.497868691617441	1.3965295225434602	21.097767163784425	6	-1.138234305405092	-36.799964045534196	25.246833606051155	20.56462317725331	30	5.56744623184	7	5.56744623184	5.56744623184	0
OK	Optimization[1]/Subflow[64]	64	75.55412569742992	45.36024013595633	26.57326291423057	-26.439826758929826	6	-40.481662332225255	32.314365730728724	65.2355822388196	70.40534992808199	30	4.14936637878	7	4.14936637878	4.14936637878	0
OK	Optimization[1]/Subflow[65]	65	68.60823876970264	15.363651013456689	34.969672925134645	-22.659997844783163	6	-37.020117434336186	25.391769962463982	20.87246174394612	63.65034481434981	30	1.3395357132	7	1.3395357132	1.3395357132	0
OK	Optimization[1]/Subflow[66]	66	68.74054449331584	16.1416416382435	24.457203682765112	-20.758482041360168	6	-37.213459622450465	27.84786741392736	18.253854767105437	66.37599972394284	30	1.25983726978	7	1.25983726978	1.25983726978	0
OK	Optimization[1]/Subflow[67]	67	67.3276597832157	22.60688569857821	29.39061328977847	-18.983922517382652	6	-33.85228534394947	27.55437731504165	31.32307687843378	58.65931030337936	30	1.85265541077	7	1.85265541077	1.85265541077	0
OK	Optimization[1]/Subflow[68]	68	68.3558701608018	15.635342546274615	27.12447510576507	-23.565725776372787	6	-37.865628267774774	32.505221656352006	18.0050983389455	65.22196114669734	30	1.34798407555	7	1.34798407555	1.34798407555	0
OK	Optimization[1]/Subflow[69]	69	65.03351626461762	13.966986146957126	26.34957097945039	-20.917244899036305	6	-36.62482535908109	29.85281550113504	17.951772254026267	64.38336607462054	30	1.28580582142	7	1.28580582142	1.28580582142	0
OK	Optimization[1]/Subflow[70]	70	67.86782520933465	12.354687170415062	26.993606746525302	-22.30908250846973	6	-38.53410751751972	26.90332004001334	16.735157177179275	65.04934388245132	30	1.25936222076	7	1.25936222076	1.25936222076	0
OK	Optimization[1]/Subflow[71]	71	68.18965855956083	15.603891730352458	28.1728933686815	-20.890386223284324	6	-37.322387007365556	26.04301588236254	18.55974374560482	63.694278902175796	30	1.21696031094	9	1.21696031094	1.21696031094	0
OK	Optimization[1]/Subflow[72]	72	69.54854573735952	10.815071002242476	26.309942571867666	-11.60370902624058	6	-37.15441880735514	30.940424373761047	16.351883517420987	69.54961932026848	30	1.34345042706	7	1.34345042706	1.34345042706	0
OK	Optimization[1]/Subflow[73]	73	64.52121523475512	6.7769576515982095	-8.126321334174094	12.309962919428557	6	6.920414224898238	-24.502728188171034	20.558722368049004	-57.26153366949362	30	5.40059661865	7	5.40059661865	5.40059661865	0
OK	Optimization[1]/Subflow[74]	74	72.7441281529033	37.06184428248547	26.172501279795526	-26.358995407777726	6	-41.14072689476995	35.921231533268426	64.78347449741392	70.07622453079586	30	4.01527738571	7	4.01527738571	4.01527738571	0
OK	Optimization[1]/Subflow[75]	75	67.32324488333188	14.961378682943078	32.36835308031543	-22.11645875368174	6	-37.12835831860497	25.765767787452646	19.26628000398877	63.03596747864188	30	1.26916980743	7	1.26916980743	1.26916980743	0
OK	Optimization[1]/Subflow[76]	76	69.05328483758015	15.647838006408719	26.540856736071788	-21.72355695443477	6	-37.98839264617785	27.57089671475366	20.262940839029795	65.0419765244965	30	1.33843040466	7	1.33843040466	1.33843040466	0
OK	Optimization[1]/Subflow[77]	77	67.76845075436154	19.883490066205212	27.539117187346662	-22.052565191251617	6	-35.32522201144024	26.813169193164114	20.53514605709448	62.88014972647974	30	1.28591406345	7	1.28591406345	1.28591406345	0
OK	Optimization[1]/Subflow[78]	78	68.29950973922192	14.693538703951859	27.596238009671538	-22.24264389423945	6	-37.66988815580566	28.90547091442707	18.460420436499007	63.67942447584787	30	1.28282487392	7	1.28282487392	1.28282487392	0
OK	Optimization[1]/Subflow[79]	79	65.90029085445605	14.593434227857003	26.260376404433458	-20.81545799158718	6	-36.86850130221478	30.209556176245826	17.884369111047988	65.38036634427749	30	1.29935121536	7	1.29935121536	1.29935121536	0
OK	Optimization[1]/Subflow[80]	80	67.8689351802463	12.819622784126935	27.50730096909207	-21.231657793855888	6	-37.93786100181134	26.77912774184395	17.175350699342516	64.36602195096884	30	1.23565268517	7	1.23565268517	1.23565268517	0
OK	Optimization[1]/Subflow[81]	81	68.18843580479077	15.412487752001695	28.243884009139208	-20.873967196894213	6	-37.313164175486115	26.020924698249814	18.530228753087798	63.58441342008183	30	1.21513223648	9	1.21513223648	1.21513223648	0
OK	Optimization[1]/Subflow[82]	82	69.00186033291516	13.209449998480181	28.56153325985683	-13.914522299721384	6	-37.28521958895492	28.562224015018515	18.568004593061588	75.40397294602204	30	1.47859561443	7	1.47859561443	1.47859561443	0
OK	Optimization[1]/Subflow[83]	83	63.65305058565073	-34.20185939685683	-2.246065117525987	18.619510755312064	6	-14.505346692734477	-43.645916175391775	22.393243580798625	2.5856449290599386	30	9.99588871002	7	9.99588871002	9.99588871002	0
OK	Optimization[1]/Subflow[84]	84	70.13867077958213	65.88808364372463	26.809522660368614	-29.726384545477536	6	-40.92086009800766	36.39372714398861	56.76772744483873	67.58693954914489	30	4.22574520111	7	4.22574520111	4.22574520111	0
OK	Optimization[1]/Subflow[85]	85	67.18396673510674	15.316407699322824	30.051810548781717	-21.288998627613125	6	-37.3025911785912	25.900145205236484	18.314396286730883	62.97548141074509	30	1.2145601511	9	1.2145601511	1.2145601511	0
OK	Optimization[1]/Subflow[86]	86	68.9433891930504	15.566161262653083	27.048004119740327	-20.80453724112965	6	-37.29025913821934	27.40892381895398	17.70706786054106	65.5009493164631	30	1.23290300369	7	1.23290300369	1.23290300369	0
OK	Optimization[1]/Subflow[87]	87	67.87716182339634	17.2780436837224	27.682087037021446	-21.649938755417523	6	-36.84589870707581	26.61084903836911	18.342288057418017	64.01823196410285	30	1.24101579189	7	1.24101579189	1.24101579189	0
OK	Optimization[1]/Subflow[88]	88	68.25939885202894	15.257164145568595	27.947875023419158	-21.644649176083362	6	-37.424382638407415	27.641254862516178	22.36429207452221	63.37830087119437	30	1.39227426052	7	1.39227426052	1.39227426052	0
OK	Optimization[1]/Subflow[89]	89	66.78853374953613	15.54645707397465	27.121203920182722	-16.462310248338326	6	-36.71738787188131	27.18864946813744	17.972757299863645	66.63409473179249	30	1.27904510498	7	1.27904510498	1.27904510498	0
OK	Optimization[1]/Subflow[90]	90	67.95685183308393	13.768054194518328	27.703121478534285	-20.9614602411215	6	-37.70845037843479	26.568975301387283	18.07984002393411	63.820990591666686	30	1.23734664917	7	1.23734664917	1.23734664917	0
OK	Optimization[1]/Subflow[91]	91	67.86964615813383	15.334644211728076	29.00439990040104	-21.13819737487792	6	-37.31092960779198	25.956112723706923	18.337088655012423	63.18061545219388	30	1.20827805996	9	1.20827805996	1.20827805996	0
OK	Optimization[1]/Subflow[92]	92	67.94040148219688	14.618797138556971	28.82262480920862	-17.32422220224774	6	-37.26088274749882	27.932218041037245	18.578362248134454	72.73425218512352	30	1.41957581043	7	1.41957581043	1.41957581043	0
OK	Optimization[1]/Subflow[93]	93	61.54922491711707	-36.125804380520705	1.5144410056893776	18.735756504543488	6	-19.36196929453112	-41.608576664869396	25.95910167116338	18.760571852687278	30	7.37154960632	7	7.37154960632	7.37154960632	0
OK	Optimization[1]/Subflow[94]	94	70.61771130696937	72.75992537939982	26.356036726494708	-30.192809223050723	6	-41.71351888922447	34.51794905667012	64.69339370917749	69.45744133816592	30	3.88684678078	7	3.88684678078	3.88684678078	0
OK	Optimization[1]/Subflow[95]	95	72.74364654930483	15.387413502598761	29.588502042474985	-21.123506602399402	6	-37.33743775058844	25.92702068879325	18.124019543279303	62.96338419716574	30	1.31502830982	7	1.31502830982	1.31502830982	0
OK	Optimization[1]/Subflow[96]	96	68.1003358095858	15.525017454121397	28.09558360722515	-20.915889739364857	6	-36.95348060290154	26.41361635690876	17.633727163309118	64.28133423992998	30	1.20086014271	9	1.20086014271	1.20086014271	0
OK	Optimization[1]/Subflow[97]	97	67.50211372856859	15.81787548718043	28.147764139425917	-21.478254075195366	6	-37.452551869942845	26.154135303489667	17.884731303966078	63.56282677325831	30	1.20282375813	7	1.20282375813	1.20282375813	0
OK	Optimization[1]/Subflow[98]	98	69.44800562451965	15.184968440531222	28.322562301675973	-21.305926464646845	6	-37.557490054726266	27.288688982475477	19.148286327394544	63.263089887381284	30	1.25185513496	7	1.25185513496	1.25185513496	0
OK	Optimization[1]/Subflow[99]	99	66.5026403409089	15.547614473019522	26.32166098051931	-18.226950443404277	6	-36.776788705228746	26.372252446351112	17.939803907702284	63.946343121104576	30	1.23107290268	7	1.23107290268	1.23107290268	0
OK	Optimization[1]/Subflow[100]	100	67.57087591600381	14.4604826228625	29.34848139045188	-21.22414227371044	6	-37.63500502245201	26.49975773460558	18.163928584495068	63.914445953261634	30	1.24760103226	7	1.24760103226	1.24760103226	0
OK	Optimization[1]/Subflow[101]	101	67.81979077231577	15.338753272144345	29.121066065701243	-21.03780554963012	6	-37.259518729298804	26.050051618640282	17.815990976014547	63.970079765743634	30	1.20710635185	7	1.20710635185	1.20710635185	0
OK	Optimization[1]/Subflow[102]	102	68.42734110615328	14.686357767676725	28.41188576333296	-13.823529534282613	6	-37.054849327819525	26.763771944305844	17.828520247661743	63.38532950475596	30	1.25367891788	7	1.25367891788	1.25367891788	0
OK	Optimization[1]/Subflow[103]	103	63.517761673860605	5.781097649160984	1.0989308175329313	2.2825485556304557	6	13.75040074523227	-2.0290383246377246	22.56018167949604	54.73985869251371	30	3.86722183228	7	3.86722183228	3.86722183228	0
OK	Optimization[1]/Subflow[104]	104	71.76670586545157	36.82324925031733	26.724914684044478	-30.337220299785656	6	-39.714097046952425	31.88113895023217	52.63718315801728	69.91200728465887	30	3.85755777359	7	3.85755777359	3.85755777359	0
OK	Optimization[1]/Subflow[105]	105	70.18276410364089	15.453914694404915	34.653503417146894	-21.12721276539618	6	-37.2353349030888	26.124479833639256	17.992156716395158	63.521917256612966	30	1.29468429089	7	1.29468429089	1.29468429089	0
OK	Optimization[1]/Subflow[106]	106	67.93172513289286	15.516788692415062	28.305099504722122	-20.938160239011907	6	-36.88612489583798	26.214554864499718	17.619059023862732	64.03741122462336	30	1.19760715961	9	1.19760715961	1.19760715961	0
OK	Optimization[1]/Subflow[107]	107	67.76132439713413	15.369845899801277	28.229876766460478	-21.43931977074918	6	-37.14875853618132	26.255159768869717	17.77149957318848	63.83917084703705	30	1.20319783688	7	1.20319783688	1.20319783688	0
OK	Optimization[1]/Subflow[108]	108	69.24324966602171	15.359360652707181	28.194168063427952	-21.13395873366025	6	-37.42008796450379	27.009109866510087	18.36991572262434	63.37713689537625	30	1.22247648239	7	1.22247648239	1.22247648239	0
OK	Optimization[1]/Subflow[109]	109	66.7043893459122	15.545338799158401	26.50444877336652	-20.59278076401216	6	-36.91660195148403	26.51010939719653	17.883746902303557	63.42065060937085	30	1.18853569031	9	1.18853569031	1.18853569031	0
OK	Optimization[1]/Subflow[110]	110	68.08206860617307	14.251223545022995	28.983291687122843	-21.23481090178815	6	-37.40033515719207	26.53929489774889	17.355695360958478	64.10318257620901	30	1.21388864517	7	1.21388864517	1.21388864517	0
OK	Optimization[1]/Subflow[111]	111	67.70402339617775	15.442021898269559	27.804708058859518	-20.769456506206694	6	-37.2304786053743	26.337892940996355	17.71368173959857	64.02781735054239	30	1.19927668571	7	1.19927668571	1.19927668571	0
OK	Optimization[1]/Subflow[112]	112	67.2189045701372	14.909621110275765	27.2051511054203	-16.28372629389422	6	-36.96248027314775	26.342097737762913	19.348188928074904	67.32721431300044	30	1.29143202305	7	1.29143202305	1.29143202305	0
OK	Optimization[1]/Subflow[113]	113	66.47580294789353	16.27744569228524	4.965751605838761	-14.02214347427659	6	11.544856433699081	29.972771335192945	20.64198269658722	64.674171607814	30	1.64806258678	7	1.64806258678	1.64806258678	0
OK	Optimization[1]/Subflow[114]	114	77.44703682113374	39.96437944367216	26.56583774559924	-30.27049258066686	6	-39.50043059360092	38.92587291937508	42.2715026777131	70.12743561572407	30	3.96564531326	7	3.96564531326	3.96564531326	0
OK	Optimization[1]/Subflow[115]	115	66.3380982848129	15.409317975353872	31.976869758435342	-21.049624502714735	6	-37.00547707859992	26.061273140867115	17.91106280043138	65.24950375812986	30	1.26035761833	7	1.26035761833	1.26035761833	0
OK	Optimization[1]/Subflow[116]	116	67.56673099226231	15.532545379821997	26.92085959333062	-20.76448864959103	6	-36.89030723046913	26.192295710100453	17.67229275952269	63.54643019142824	30	1.17484652996	9	1.17484652996	1.17484652996	0
OK	Optimization[1]/Subflow[117]	117	67.2328279907588	15.692575473890358	28.155842410520762	-20.848459041385794	6	-37.04685926291674	26.212218425125585	17.87017625173374	63.45779978529586	30	1.19098675251	7	1.19098675251	1.19098675251	0
OK	Optimization[1]/Subflow[118]	118	68.16204053292918	15.492053731969307	28.046416841451205	-20.779037710659765	6	-37.02781101787937	26.59276664928649	17.92657853783473	63.433859699746336	30	1.19888305664	7	1.19888305664	1.19888305664	0
OK	Optimization[1]/Subflow[119]	119	66.74473914691285	15.544883664386177	26.541006331935975	-21.065946828133733	6	-36.9445646007351	26.537680787365616	17.872535501223794	63.31551210702412	30	1.19102239609	7	1.19102239609	1.19102239609	0
OK	Optimization[1]/Subflow[120]	120	67.98778635211971	15.365739137200904	27.124604164233432	-21.044942858588	6	-37.20570568797711	26.523162560138772	17.399097215208897	63.89486236940178	30	1.18851983547	7	1.18851983547	1.18851983547	0
OK	Optimization[1]/Subflow[121]	121	67.56742589500479	15.520320092171119	27.00081946357102	-20.7120627835113	6	-37.09165832559112	26.294862678899307	17.66697921970477	63.80967838032282	30	1.18551003933	7	1.18551003933	1.18551003933	0
OK	Optimization[1]/Subflow[122]	122	67.90919466687342	15.087210458234182	36.7761336410542	-19.110180163226545	6	-36.92306185284497	26.56739703926685	18.53392706820354	62.62726837176197	30	1.23073983192	7	1.23073983192	1.23073983192	0
OK	Optimization[1]/Subflow[123]	123	67.67798925065438	17.94668410252109	18.736486312835098	-22.45957025182973	6	0.907966359545668	35.908282316034445	19.922086393862017	66.64630745345806	30	1.42861688137	7	1.42861688137	1.42861688137	0
OK	Optimization[1]/Subflow[124]	124	73.9124676660677	68.78976144803372	25.82771423895541	-37.20691233221377	6	-39.99786867661045	33.006891440899054	45.817714723238964	67.08924276417972	30	3.77319645882	7	3.77319645882	3.77319645882	0
OK	Optimization[1]/Subflow[125]	125	66.51515667147498	15.419734316215084	31.593950695219192	-20.997691273524268	6	-36.994324662862894	26.040064219721444	17.879565211604017	62.959049349378944	30	1.20336961746	7	1.20336961746	1.20336961746	0
OK	Optimization[1]/Subflow[126]	126	67.49373216413619	15.53569671730338	26.644011611052306	-20.729754331706857	6	-36.891143697395364	26.187843879220594	17.68293950665469	63.448233984789226	30	1.17190659046	9	1.17190659046	1.17190659046	0
OK	Optimization[1]/Subflow[127]	127	67.25935036071832	15.617339724279546	27.376520712640314	-20.723917439027588	6	-37.00693753362394	26.195237705275503	17.812260239785502	63.40898743228533	30	1.18246054649	7	1.18246054649	1.18246054649	0
OK	Optimization[1]/Subflow[128]	128	67.85017086200739	18.39549464216661	27.268118430869094	-20.705627482441713	6	-30.121050744488954	30.965728404907807	17.679951144952014	63.45756938425603	30	1.23098731041	7	1.23098731041	1.23098731041	0
OK	Optimization[1]/Subflow[129]	129	67.29600684115405	15.539556266017286	26.78537826210284	-20.63143427665355	6	-36.87971450318345	26.40064936525971	17.867696877865114	63.60028882760054	30	1.18633449078	7	1.18633449078	1.18633449078	0
OK	Optimization[1]/Subflow[130]	130	67.9251679247088	15.722736251780503	26.586269924442647	-20.859336438930384	6	-37.04070350289589	26.35135556594207	17.445932832025235	63.75388705523801	30	1.1905425787	7	1.1905425787	1.1905425787	0
OK	Optimization[1]/Subflow[131]	131	67.50251078808705	15.54167621507537	26.62529066607196	-20.708233649970467	6	-36.905044687274675	26.25343846437208	17.662074258662813	63.50652742951095	30	1.17326617241	7	1.17326617241	1.17326617241	0
OK	Optimization[1]/Subflow[132]	132	67.99356426272192	15.217584994538413	37.21359595957817	-16.36177911427464	6	-36.890766067336855	26.354834575819424	17.659659716210058	62.14154772867235	30	1.23527979851	7	1.23527979851	1.23527979851	0
OK	Optimization[1]/Subflow[133]	133	67.79295823493169	17.310273200863406	23.059309824990095	-23.447396906635106	6	-8.548514642716839	29.32068918072615	18.981590533098483	64.59943825278276	30	1.16053700447	9	1.16053700447	1.16053700447	0
OK	Optimization[1]/Subflow[134]	134	71.39719274487476	57.96869129482863	25.498351433918728	-34.52769828576449	6	-38.94589886925127	27.777141457678994	32.380764644477	65.68976848255352	30	2.76714777946	7	2.76714777946	2.76714777946	0
OK	Optimization[1]/Subflow[135]	135	66.68034994587521	15.44319807664749	31.179428398516663	-20.97311135440883	6	-36.91215310776486	26.130159971145574	17.766821421601634	62.69984461953908	30	1.18957579136	7	1.18957579136	1.18957579136	0
OK	Optimization[1]/Subflow[136]	136	67.47913239851098	15.536326984799658	26.588642014596644	-20.14172438715147	6	-36.89131099078061	26.186953513044628	17.78228826254002	63.42859474346142	30	1.17401170731	7	1.17401170731	1.17401170731	0
OK	Optimization[1]/Subflow[137]	137	67.28195959043259	15.54165919154454	26.67121431144625	-20.701535403233223	6	-36.99075897912186	26.186834234480017	17.7542045503546	63.43018182794063	30	1.17744612694	7	1.17744612694	1.17744612694	0
OK	Optimization[1]/Subflow[138]	138	67.88087685492096	15.530359218322829	26.7757767026727	-20.70712217703216	6	-33.75178907679114	31.75024948792668	17.677845491068496	63.459646950790074	30	1.18282806873	7	1.18282806873	1.18282806873	0
OK	Optimization[1]/Subflow[139]	139	67.44097575210225	15.537561052771707	26.79117767755116	-20.57032770405455	6	-36.87056016904114	26.216219566388276	17.77085280395532	63.55452522106992	30	1.17708957195	7	1.17708957195	1.17708957195	0
OK	Optimization[1]/Subflow[140]	140	67.89737335308016	15.411310508530605	26.741252314836714	-20.72984278233035	6	-37.03338670358749	26.26611631020384	17.631283735176666	63.55535705929532	30	1.17942941189	7	1.17942941189	1.17942941189	0
OK	Optimization[1]/Subflow[141]	141	67.72306807023256	16.551875169652277	24.54700255634829	-22.12553138295867	6	-13.016895908655997	26.439176453773413	18.713382953604082	63.45881769499832	30	1.21516287327	7	1.21516287327	1.21516287327	0
OK	Optimization[1]/Subflow[142]	142	67.82245852162788	15.794775060552467	31.282349195120474	-17.91249579080271	6	-19.56941187499011	28.701872183973933	17.77937001680435	63.63887987857896	30	1.09341931343	9	1.09341931343	1.09341931343	0
OK	Optimization[1]/Subflow[143]	143	67.81595203178716	17.182991020531873	23.92387452742109	-23.036963687693344	6	-10.43981084316934	28.00317055366449	18.79349136094578	64.1900644126477	30	1.11015295982	7	1.11015295982	1.11015295982	0
OK	Optimization[1]/Subflow[144]	144	67.96422632243267	24.726097550820256	23.81611707371242	-27.206214573970925	6	-32.089970383950565	27.793401992255326	28.641256442905288	64.88880521777097	30	1.49479305744	7	1.49479305744	1.49479305744	0
OK	Optimization[1]/Subflow[145]	145	67.08453748335023	16.300007786726354	25.543626122576057	-16.382864726463183	6	-12.9744873295666	26.308452031900984	26.263985321300623	63.54156580422415	30	1.1731171608	7	1.1731171608	1.1731171608	0
OK	Optimization[1]/Subflow[146]	146	67.69420058456436	16.73319925901636	24.90390626089429	-21.60884726314697	6	-23.705274478845993	27.489886728115664	18.34367970936657	63.65399126859484	30	1.12783324718	7	1.12783324718	1.12783324718	0
OK	Optimization[1]/Subflow[147]	147	67.31060711733835	16.35116005832036	26.204938647101784	-22.20187177095343	6	-24.653808404090626	27.33025163771771	18.591118499732815	64.3399586854421	30	1.08659505844	9	1.08659505844	1.08659505844	0
OK	Optimization[1]/Subflow[148]	148	67.85716489929561	15.47791748957816	26.136492858989826	-21.197040110781046	6	-15.188315191247355	31.13465973598329	18.77228894351849	63.874061939796746	30	1.09346222878	7	1.09346222878	1.09346222878	0
OK	Optimization[1]/Subflow[149]	149	67.48150884480415	16.252971524273747	24.798744584786434	-22.654266291360898	6	-24.30626848689613	28.026204697770467	17.985504960351705	64.11779770960413	30	1.10051035881	7	1.10051035881	1.10051035881	0
OK	Optimization[1]/Subflow[150]	150	67.81779039526472	16.742780168978854	24.30359917113101	-21.904438220814143	6	-17.712644646378692	27.686789437753646	17.826797611604803	64.43576388553154	30	1.18140935898	7	1.18140935898	1.18140935898	0
OK	Optimization[1]/Subflow[151]	151	67.55477395268827	15.808401389259231	26.43025627425844	-21.927377939872756	6	-24.605093999623733	26.97080321150871	18.488125045662784	63.48426608391301	30	1.11455106735	7	1.11455106735	1.11455106735	0
OK	Optimization[1]/Subflow[152]	152	67.39325992395723	16.188708600789184	25.760821518565194	-20.079820921536708	6	-18.925874255127567	28.680955144998833	17.948692805677766	72.19715483122485	30	1.24464273453	7	1.24464273453	1.24464273453	0
OK	Optimization[1]/Subflow[153]	153	67.66894783662707	16.57871100786859	26.036345852928335	-22.207892519878968	6	-23.542458585959423	27.95755976681434	18.639188375668652	64.22401764516019	30	1.11393773556	7	1.11393773556	1.11393773556	0
OK	Optimization[1]/Subflow[154]	154	66.78600972673877	10.991393208317362	25.09195609455351	-22.040928796645375	6	-25.640321974941983	27.763094768047523	26.838536571058185	64.3324673920715	30	1.39419293404	7	1.39419293404	1.39419293404	0
OK	Optimization[1]/Subflow[155]	155	67.17592491564614	16.47262927867746	32.43424959786884	-16.76217842252791	6	-15.189493948345813	26.63219788032076	26.772989722733442	63.77459890072993	30	2.2249994278	7	2.2249994278	2.2249994278	0
OK	Optimization[1]/Subflow[156]	156	67.50613987930024	16.737643748040483	25.279331187866134	-22.39826707806489	6	-21.335235289428866	27.62589314395622	18.546138429568842	64.24098406817834	30	1.13688600063	7	1.13688600063	1.13688600063	0
OK	Optimization[1]/Subflow[157]	157	67.31633662271952	16.51306023167554	26.111683514232894	-22.501939044497462	6	-22.186418289084386	27.55893511836524	18.758501289608475	64.52191405694239	30	1.11506140232	7	1.11506140232	1.11506140232	0
OK	Optimization[1]/Subflow[158]	158	67.45628593947714	16.16627485179086	26.01057111667707	-21.794241318157532	6	-15.203486920573155	29.545726734524436	18.990090816512293	70.55404092455913	30	1.27292633057	7	1.27292633057	1.27292633057	0
OK	Optimization[1]/Subflow[159]	159	67.38322009995784	16.42726083054569	25.489610378372177	-22.80306066161232	6	-22.059062426330627	27.817340326180272	18.290189336072842	64.3905124917298	30	1.11908912659	7	1.11908912659	1.11908912659	0
OK	Optimization[1]/Subflow[160]	160	67.36853598587749	16.564075213836375	25.2688597665462	-21.151542060855263	6	-30.731937810006308	27.780410573185833	18.43146773450198	64.01454271431464	30	1.13035666943	7	1.13035666943	1.13035666943	0
OK	Optimization[1]/Subflow[161]	161	67.43248315392123	16.11839736458967	26.75825552539858	-21.913717698427476	6	-26.944183322608822	27.312620868857792	18.531209013814816	63.90056324514407	30	1.10476875305	7	1.10476875305	1.10476875305	0
OK	Optimization[1]/Subflow[162]	162	67.35709888343794	21.2755711136556	28.389646596455762	-14.826854133876864	6	-23.27631116588168	28.32426174502939	18.017675034809955	64.55384340691123	30	1.25171267986	7	1.25171267986	1.25171267986	0
OK	Optimization[1]/Subflow[163]	163	67.46024524930431	16.717345964479975	25.941505362254702	-22.308520246841454	6	-24.592601744586972	27.492674823979726	18.599452154184632	64.27905570240884	30	1.0964256525	7	1.0964256525	1.0964256525	0
OK	Optimization[1]/Subflow[164]	164	66.86660269677594	12.719448772123911	26.22971258113013	-21.088819017081747	6	-24.333830448471033	27.377266496519653	23.54238534679527	64.22631839242541	30	1.24876487255	7	1.24876487255	1.24876487255	0
OK	Optimization[1]/Subflow[165]	165	67.21313763608015	16.42318455179702	32.6420290442062	-17.49115695806624	6	-17.7904914784681	26.852065765194666	22.12578538184124	64.0870788295291	30	1.1210372448	7	1.1210372448	1.1210372448	0
OK	Optimization[1]/Subflow[166]	166	67.50377079793898	16.424464628457514	25.299856747564064	-22.020395661557274	6	-24.667955843356168	27.482886526554694	18.58684580377144	64.0257347233595	30	1.10124111176	7	1.10124111176	1.10124111176	0
OK	Optimization[1]/Subflow[167]	167	67.31065568158817	16.421780074248545	26.221514469761743	-22.323126840198753	6	-22.41669891871763	27.415848585233846	18.73134627035998	64.38866623274794	30	1.11604809761	7	1.11604809761	1.11604809761	0
OK	Optimization[1]/Subflow[168]	168	67.53714553576575	16.127710166339014	30.05246191480704	-21.586189309980213	6	-21.72923695765347	37.72384633374075	18.881457293877915	65.96835350665168	30	1.19377946854	7	1.19377946854	1.19377946854	0
OK	Optimization[1]/Subflow[169]	169	67.38649549681807	16.29753371207177	25.683914523883132	-22.78393582087888	6	-23.787151343160545	27.755660576074078	18.120383679510383	64.24234769241195	30	1.09902882576	7	1.09902882576	1.09902882576	0
OK	Optimization[1]/Subflow[170]	170	67.24623630993062	16.3573639396828	25.81395256130999	-21.86329330294113	6	-28.877356441660666	27.590734923585046	18.629521965082077	63.95125575877822	30	1.11302292347	7	1.11302292347	1.11302292347	0
OK	Optimization[1]/Subflow[171]	171	67.32293776191366	16.25851971156166	26.538327232251945	-22.047097930769638	6	-26.857577659578318	27.38369683571497	18.584971459432467	64.35752568746949	30	1.10270524025	7	1.10270524025	1.10270524025	0
OK	Optimization[1]/Subflow[172]	172	69.99720625992813	16.32183525228595	28.667809009381045	-12.031876217363106	6	-21.594658278380038	28.148733217635737	18.322176000660477	62.48756795376397	30	1.20427036285	7	1.20427036285	1.20427036285	0
Failed	Optimization[1]/Subflow[173]	173	67.3660011766101	16.787496081651028	26.0629460516476	-22.232834182352732	6	-24.610781291110456	27.338764932073502	18.58519035973994	64.31574900248486	30					
Cancelled	Optimization[1]/Subflow[174]	174	67.31060711733835	16.35116005832036	26.204938647101784	-22.20187177095343	6	-24.653808404090626	27.33025163771771	18.591118499732815	64.3399586854421	30					
